A	-0.1428	0.1384	0.0579	-0.2463	0.3611	0.293	-0.2692	-0.1532	0.0249	-0.025	0.4739	-0.1261	-0.1988	0.0109	-0.0323
C	0.121	-0.4359	-0.2869	-0.3863	0.2308	0.0282	0.0265	-0.0629	-0.082	0.2711	0.2992	-0.3216	0.035	-0.1972	0.0464
E	-0.0669	0.2425	0.0402	-0.2557	-0.0065	0.1357	0.0091	-0.2227	-0.2217	0.0975	0.4011	-0.0615	-0.0142	-0.2462	-0.1409
D	-0.0493	0.0821	-0.0815	-0.348	0.0629	0.2017	0.2364	-0.1319	-0.0762	0.2678	0.1717	-0.15	0.0241	-0.1535	-0.2351
G	-0.1611	0.0342	-0.1203	-0.1648	0.2604	0.0739	0.1568	-0.2627	0.0374	0.0746	0.2992	-0.3769	-0.1973	-0.0003	-0.1831
F	-0.1002	-0.0711	-0.2272	-0.174	0.2519	0.1076	0.1501	-0.1994	-0.0486	0.0774	0.1696	-0.0822	0.2303	-0.1641	-0.2655
I	-0.0833	0.1719	-0.2545	-0.2451	0.1372	0.3516	0.0905	-0.0902	-0.188	0.0864	0.0773	0.0309	0.138	-0.2591	-0.142
H	-0.1433	-0.0003	-0.0744	-0.1195	0.3056	0.1037	0.0642	-0.0514	-0.196	0.2619	0.1837	-0.2322	0.1123	-0.0715	-0.2034
K	0.0276	0.1958	-0.2127	-0.1873	0.0951	0.093	0.0423	-0.2705	-0.1871	0.2797	0.2675	0.0294	0.0429	-0.2417	-0.0357
M	-0.1812	0.1389	-0.1602	-0.1305	0.3983	0.2286	-0.2404	-0.1206	0.1616	0.3216	0.0079	-0.2107	-0.0639	-0.2552	-0.0892
L	-0.036	0.0927	-0.1824	-0.1546	0.2046	-0.0066	-0.0146	-0.2175	-0.1835	0.2056	0.4696	0.077	0.0804	-0.1424	0.052
N	-0.122	0.1053	-0.1168	-0.4092	-0.0007	0.2341	0.0629	-0.061	-0.1055	0.4091	0.1039	0.099	0.2457	-0.1396	-0.2956
Q	-0.5482	0.0352	0.1479	-0.0171	-0.1638	0.0976	-0.0539	-0.3098	-0.1891	0.0823	0.3988	-0.1479	0.0769	-0.2872	-0.1089
P	-0.3671	-0.1098	-0.0392	0.0031	0.2176	0.3222	0.1557	-0.1623	0.0569	0.1854	0.2744	-0.2758	0.2775	0.0526	0.0957
S	-0.0774	-0.0416	-0.2532	-0.1159	0.232	0.0761	-0.0995	-0.2774	-0.0892	0.2454	0.1238	-0.193	0.0999	-0.171	-0.1671
R	0.3854	0.1272	-0.3518	-0.1442	0.2487	0.0564	0.1701	-0.1434	0.1015	-0.0507	0.2773	-0.0669	0.2507	-0.0338	-0.0685
T	-0.0935	0.0087	-0.1558	-0.1983	0.2365	0.2426	0.0244	-0.0749	-0.1608	0.0807	0.2357	-0.1303	0.186	-0.1256	-0.083
W	-0.4829	-0.0159	0.0106	0.0676	0.3279	-0.1073	-0.005	-0.1282	-0.1045	-0.0425	0.1982	-0.2086	-0.0252	-0.4396	-0.3651
V	-0.1154	0.0944	-0.1744	-0.0475	0.2863	0.3909	0.1128	-0.1018	-0.1815	0.0061	0.1972	-0.1604	0.0812	-0.2151	0.1363
Y	-0.1308	-0.041	-0.1395	0.0534	0.3133	0.2197	0.1469	-0.1309	-0.323	0.2696	0.0919	-0.0462	0.0193	-0.2942	-0.082